New born is - 162576678
Year 1980
3118585
4233701
6323325
27856622
42678964
63789057
78456417
81874853
82837104
93215150
105999005
116344011
127682848
125829542
111179879
98902736
155748457

Total amount - 1326070256

New born is - 157779082
Year 1984
207074
369178
801797
13471462
28048615
52511151
68821968
76209113
78860923
89076397
103370229
113830980
125486703
124319587
97715903
154751666
151152360

Total amount - 1279005106

New born is - 153138802
Year 1988
13749
32192
101667
6514799
18433549
43227179
60370630
70935442
75075598
85121404
100806647
111372230
123328331
122827751
152894646
150184984
146706972

Total amount - 1267947770

New born is - 148650140
Year 1992
912
2807
12891
3150556
12114528
35584613
52957116
66026709
71471969
81342013
98306642
108966589
121207083
121353817
148382764
145768047
142406834

Total amount - 1209055890

New born is - 144307621
Year 1996
60
244
1634
1523608
7961667
29293253
46453982
61457660
68041314
77730427
95868637
106612910
119122321
119897571
144018830
141495430
138246700

Total amount - 1157726248

New born is - 140105986
Year 2000
3
21
207
736816
5232407
24114205
40749433
57204789
64775330
74279196
93491094
104310071
117073417
118458800
139797484
137361921
134221534

Total amount - 1111806728

New born is - 136040180
Year 2004
0
1
26
356324
3438737
19850813
35745402
53246217
61666114
70981199
91172514
102056973
115059754
117037294
135713577
133362516
130326492

Total amount - 1070013953

New born is - 132105342
Year 2008
0
0
3
172318
2259937
16341189
31355866
49561578
58706140
67829633
88911435
99852542
113080726
115632846
131762165
129492402
126556917

Total amount - 1031515697

New born is - 128296804
Year 2012
0
0
0
83332
1485230
13452066
27505365
46131916
55888245
64817997
86706431
97695727
111135737
114245251
127938493
125746952
122908338

Total amount - 995741080

New born is - 124610076
Year 2016
0
0
0
40299
976093
11073740
24127706
42939587
53205609
61940077
84556111
95585499
109224202
112874307
124237988
122121724
119376452

Total amount - 962279394

New born is - 121040842
Year 2020
0
0
0
19488
641488
9115902
21164823
39968167
50651739
59189937
82459119
93520852
107345545
111519815
120656263
118612442
115957126

Total amount - 930822706

