New born is - 113803577
Year 1980
3118585
4233701
6323325
27856622
42678964
63789057
78456417
81874853
82837104
93215150
105999005
116344011
127682848
125829542
123518298
98902736
109023826

Total amount - 1291684044

New born is - 111171507
Year 1984
207074
369178
801797
13471462
28048615
52511151
68821968
76209113
78860923
89076397
103370229
113830980
125486703
124319587
122036078
108326073
106502303

Total amount - 1212249631

New born is - 108600604
Year 1988
13749
32192
101667
6514799
18433549
43227179
60370630
70935442
75075598
85121404
100806647
111372230
123328331
122827751
120571645
105820688
104039378

Total amount - 1148592879

New born is - 106089438
Year 1992
912
2807
12891
3150556
12114528
35584613
52957116
66026709
71471969
81342013
98306642
108966589
121207083
121353817
119124785
103373525
101633681

Total amount - 1096630236

New born is - 103636615
Year 1996
60
244
1634
1523608
7961667
29293253
46453982
61457660
68041314
77730427
95868637
106612910
119122321
119897571
117695287
100983225
99283877

Total amount - 1051927677

New born is - 101240773
Year 2000
3
21
207
736816
5232407
24114205
40749433
57204789
64775330
74279196
93491094
104310071
117073417
118458800
116282943
98648460
96988660

Total amount - 1012345852

New born is - 98900582
Year 2004
0
1
26
356324
3438737
19850813
35745402
53246217
61666114
70981199
91172514
102056973
115059754
117037294
114887547
96367932
94746757

Total amount - 976613604

New born is - 96614743
Year 2008
0
0
3
172318
2259937
16341189
31355866
49561578
58706140
67829633
88911435
99852542
113080726
115632846
113508896
94140377
92556923

Total amount - 943910409

New born is - 94381988
Year 2012
0
0
0
83332
1485230
13452066
27505365
46131916
55888245
64817997
86706431
97695727
111135737
114245251
112146789
91964558
90417944

Total amount - 913676588

New born is - 92201078
Year 2016
0
0
0
40299
976093
11073740
24127706
42939587
53205609
61940077
84556111
95585499
109224202
112874307
110801027
89839269
88328632

Total amount - 885512158

New born is - 90070804
Year 2020
0
0
0
19488
641488
9115902
21164823
39968167
50651739
59189937
82459119
93520852
107345545
111519815
109471414
87763328
86287830

Total amount - 859119447

